0 0.078045 0.763674 0.148951 0.051637
0 0.187160 0.768545 0.051958 0.047738
0 0.271163 0.745164 0.119507 0.053586
0 0.261635 0.726166 0.069285 0.015590
0 0.341323 0.695477 0.076243 0.049688
0 0.418382 0.681352 0.081403 0.048711
0 0.575924 0.640953 0.076014 0.036648
0 0.605156 0.615816 0.070993 0.030539
0 0.637313 0.624039 0.048444 0.032891
0 0.689517 0.604543 0.101063 0.033359
0 0.669472 0.611590 0.072667 0.023961
0 0.708729 0.581051 0.087708 0.013625
0 0.744229 0.588098 0.073500 0.021141
0 0.767618 0.602193 0.078514 0.015504
