0 0.288880 0.495344 0.045061 0.044654
0 0.332416 0.490473 0.048103 0.054396
0 0.381129 0.496562 0.063934 0.043840
0 0.401527 0.514422 0.060889 0.027603
0 0.444455 0.496156 0.048106 0.030039
0 0.475205 0.511581 0.082813 0.039784
0 0.550101 0.566788 0.087682 0.059267
0 0.629562 0.577750 0.076114 0.043840
0 0.637478 0.552988 0.089511 0.057642
0 0.683755 0.592770 0.045669 0.091741
0 0.711765 0.578966 0.063937 0.117720
0 0.721507 0.650412 0.028619 0.077129
0 0.764130 0.612660 0.060281 0.100675
0 0.764434 0.561917 0.053583 0.086870
0 0.827760 0.597641 0.077938 0.104732
