0 0.289489 0.494126 0.043842 0.058453
0 0.330285 0.480732 0.043840 0.064138
0 0.376867 0.491286 0.055409 0.043030
0 0.408528 0.497374 0.065153 0.050336
0 0.444759 0.455969 0.048714 0.022733
0 0.461808 0.499809 0.076722 0.043844
0 0.546446 0.558264 0.081594 0.053582
0 0.636869 0.538779 0.089508 0.055207
0 0.625604 0.570848 0.084029 0.057645
0 0.673404 0.584244 0.032272 0.089309
0 0.702022 0.578154 0.045666 0.104732
0 0.719066 0.638233 0.029847 0.085245
0 0.761391 0.607789 0.074288 0.092555
0 0.760173 0.560294 0.046277 0.086873
0 0.791835 0.571255 0.035317 0.107167
