0 0.034194 0.623230 0.054847 0.035805
0 0.061611 0.601752 0.121222 0.028426
0 0.107087 0.552637 0.059174 0.024359
0 0.143889 0.579795 0.057736 0.051066
0 0.207396 0.559133 0.051958 0.042219
0 0.281726 0.536359 0.099590 0.035805
0 0.428226 0.517727 0.080826 0.038969
0 0.461420 0.485252 0.080826 0.024355
0 0.489566 0.494588 0.079382 0.025168
0 0.514104 0.484033 0.073611 0.031660
0 0.519156 0.472627 0.080826 0.021840
0 0.538642 0.458014 0.099590 0.018754
0 0.578333 0.470230 0.069278 0.018672
0 0.591323 0.479893 0.069285 0.017051
