0 0.190845 0.409285 0.041405 0.051147
0 0.293750 0.468146 0.043842 0.048714
0 0.334242 0.455967 0.035925 0.061702
0 0.414618 0.423899 0.046887 0.025168
0 0.376863 0.469357 0.060276 0.043043
0 0.412792 0.475454 0.054193 0.047090
0 0.464244 0.474641 0.071851 0.040594
0 0.546751 0.530661 0.080984 0.048711
0 0.639001 0.519294 0.090119 0.056831
0 0.626214 0.550145 0.082810 0.050336
0 0.673404 0.566384 0.033488 0.089306
0 0.701414 0.556234 0.051756 0.112849
0 0.721812 0.621185 0.030446 0.083624
0 0.758041 0.603731 0.088292 0.073068
0 0.766565 0.565977 0.070024 0.078750
0 0.800665 0.556641 0.054193 0.103921
